10.000000 0.000066 3.141593 0.458407 6.85328
50.000000 0.000143 3.141593 0.021593 145.491
250.000000 0.000069 3.141593 0.090407 34.7494
1250.000000 0.000107 3.141593 0.002393 1312.83
6250.000000 0.000293 3.141593 0.029607 106.11
31250.000000 0.001594 3.141593 0.011943 263.049
156250.000000 0.006805 3.141593 0.000346 9079.75
781250.000000 0.033480 3.141593 0.000182 17261.5
3906250.000000 0.164960 3.141593 0.001185 2651.13
19531250.000000 0.804947 3.141593 0.000283 11101
97656250.000000 3.546267 3.141593 9.8e-05 32057.1
488281250.000000 17.714398 3.141593 5.9e-05 53247.3
